-9.754990786314010620e-02
-9.264290332794189453e-02
-8.773590624332427979e-02
-8.282890170812606812e-02
-7.792190462350845337e-02
-7.301490008831024170e-02
-6.810790300369262695e-02
-6.320090591907501221e-02
-5.829390510916709900e-02
-5.338690429925918579e-02
-4.847990348935127258e-02
-4.357290267944335938e-02
-3.866590559482574463e-02
-3.375890105962753296e-02
-2.885190397500991821e-02
-2.394490689039230347e-02
-1.903790235519409180e-02
-1.413090527057647705e-02
-9.223900735378265381e-03
-4.316903650760650635e-03
5.900934338569641113e-04
5.497097969055175781e-03
1.040409505367279053e-02
1.531109958887100220e-02
2.021809667348861694e-02
2.512510120868682861e-02
3.003209829330444336e-02
3.493909537792205811e-02
3.984609246253967285e-02
4.475310444831848145e-02
4.966010153293609619e-02
5.456709861755371094e-02
5.947409570217132568e-02
6.438109278678894043e-02
6.928810477256774902e-02
7.419510185718536377e-02
7.910209894180297852e-02
8.400909602642059326e-02
8.891609311103820801e-02
9.382310509681701660e-02
9.873010218143463135e-02
1.036370992660522461e-01
1.085440963506698608e-01
1.134510934352874756e-01
1.183581054210662842e-01
1.232651025056838989e-01
1.281720995903015137e-01
1.330790966749191284e-01
1.379860937595367432e-01
1.428931057453155518e-01
1.478001028299331665e-01
1.527070999145507812e-01
1.576141119003295898e-01
1.625210940837860107e-01
1.674281060695648193e-01
1.723350882530212402e-01
1.772421002388000488e-01
1.821491122245788574e-01
1.870560944080352783e-01
1.919631063938140869e-01
1.968700885772705078e-01
2.017771005630493164e-01
2.066841125488281250e-01
2.115910947322845459e-01
2.164981067180633545e-01
2.214050889015197754e-01
2.263121008872985840e-01
2.312191128730773926e-01
2.361260950565338135e-01
2.410331070423126221e-01
2.459400892257690430e-01
2.508471012115478516e-01
2.557541131973266602e-01
2.606610953807830811e-01
2.655681073665618896e-01
2.704750895500183105e-01
2.753821015357971191e-01
2.802891135215759277e-01
2.851960957050323486e-01
2.901031076908111572e-01
2.950100898742675781e-01
2.999171018600463867e-01
3.048241138458251953e-01
3.097310960292816162e-01
3.146381080150604248e-01
3.195450901985168457e-01
3.244521021842956543e-01
3.293591141700744629e-01
3.342660963535308838e-01
3.391731083393096924e-01
3.440800905227661133e-01
3.489871025085449219e-01
3.538941144943237305e-01
3.588010966777801514e-01
3.637081086635589600e-01
3.686150908470153809e-01
3.735221028327941895e-01
3.784291148185729980e-01
3.833360970020294189e-01
3.882431089878082275e-01
3.931500911712646484e-01
3.980571031570434570e-01
4.029641151428222656e-01
4.078711271286010742e-01
4.127780795097351074e-01
4.176850914955139160e-01
4.225921034812927246e-01
4.274991154670715332e-01
4.324061274528503418e-01
4.373130798339843750e-01
4.422200918197631836e-01
4.471271038055419922e-01
4.520341157913208008e-01
4.569411277770996094e-01
4.618480801582336426e-01
4.667550921440124512e-01
4.716621041297912598e-01
4.765691161155700684e-01
4.814761281013488770e-01
4.863830804824829102e-01
4.912900924682617188e-01
4.961971044540405273e-01
5.011041164398193359e-01
5.060111284255981445e-01
5.109180808067321777e-01
5.158250927925109863e-01
5.207321047782897949e-01
5.256391167640686035e-01
5.305461287498474121e-01
5.354530811309814453e-01
5.403600931167602539e-01
5.452671051025390625e-01
5.501741170883178711e-01
5.550811290740966797e-01
5.599880814552307129e-01
5.648950934410095215e-01
5.698021054267883301e-01
5.747091174125671387e-01
5.796161293983459473e-01
5.845230817794799805e-01
5.894300937652587891e-01
5.943371057510375977e-01
5.992441177368164062e-01
6.041511297225952148e-01
6.090580821037292480e-01
6.139650940895080566e-01
6.188721060752868652e-01
6.237791180610656738e-01
6.286861300468444824e-01
6.335930824279785156e-01
6.385000944137573242e-01
6.434071063995361328e-01
6.483141183853149414e-01
6.532211303710937500e-01
6.581280827522277832e-01
6.630350947380065918e-01
6.679421067237854004e-01
6.728491187095642090e-01
6.777561306953430176e-01
6.826630830764770508e-01
6.875700950622558594e-01
6.924771070480346680e-01
6.973841190338134766e-01
7.022911310195922852e-01
7.071980834007263184e-01
7.121050953865051270e-01
7.170121073722839355e-01
7.219191193580627441e-01
7.268261313438415527e-01
7.317330837249755859e-01
7.366400957107543945e-01
7.415471076965332031e-01
7.464541196823120117e-01
7.513611316680908203e-01
7.562680840492248535e-01
7.611750960350036621e-01
7.660821080207824707e-01
7.709891200065612793e-01
7.758961319923400879e-01
7.808030843734741211e-01
7.857100963592529297e-01
7.906171083450317383e-01
7.955241203308105469e-01
8.004311323165893555e-01
8.053380846977233887e-01
8.102450966835021973e-01
8.151521086692810059e-01
8.200591206550598145e-01
8.249661326408386230e-01
8.298730850219726562e-01
8.347800970077514648e-01
8.396871089935302734e-01
8.445941209793090820e-01
8.495011329650878906e-01
8.544080853462219238e-01
8.593150973320007324e-01
8.642221093177795410e-01
8.691291213035583496e-01
8.740361332893371582e-01
8.789430856704711914e-01
8.838500976562500000e-01
8.887571096420288086e-01
8.936641216278076172e-01
8.985711336135864258e-01
9.034781455993652344e-01
9.083851575851440430e-01
9.132920503616333008e-01
9.181990623474121094e-01
9.231060743331909180e-01
9.280130863189697266e-01
9.329200983047485352e-01
9.378271102905273438e-01
9.427341222763061523e-01
9.476411342620849609e-01
9.525481462478637695e-01
9.574551582336425781e-01
9.623620510101318359e-01
9.672690629959106445e-01
9.721760749816894531e-01
9.770830869674682617e-01
9.819900989532470703e-01
9.868971109390258789e-01
9.918041229248046875e-01
9.967111349105834961e-01
1.001618146896362305e+00
1.006525158882141113e+00
1.011432051658630371e+00
1.016339063644409180e+00
1.021246075630187988e+00
1.026153087615966797e+00
1.031060099601745605e+00
1.035967111587524414e+00
1.040874123573303223e+00
1.045781135559082031e+00
1.050688147544860840e+00
1.055595159530639648e+00
1.060502052307128906e+00
1.065409064292907715e+00
1.070316076278686523e+00
1.075223088264465332e+00
1.080130100250244141e+00
1.085037112236022949e+00
1.089944124221801758e+00
1.094851136207580566e+00
1.099758148193359375e+00
1.104665160179138184e+00
1.109572052955627441e+00
1.114479064941406250e+00
1.119386076927185059e+00
1.124293088912963867e+00
1.129200100898742676e+00
1.134107112884521484e+00
1.139014124870300293e+00
1.143921136856079102e+00
1.148828148841857910e+00
1.153735160827636719e+00
1.158642053604125977e+00
1.163549065589904785e+00
1.168456077575683594e+00
1.173363089561462402e+00
1.178270101547241211e+00
1.183177113533020020e+00
1.188084125518798828e+00
1.192991137504577637e+00
1.197898149490356445e+00
1.202805161476135254e+00
1.207712054252624512e+00
1.212619066238403320e+00
1.217526078224182129e+00
1.222433090209960938e+00
1.227340102195739746e+00
1.232247114181518555e+00
1.237154126167297363e+00
1.242061138153076172e+00
1.246968150138854980e+00
1.251875162124633789e+00
1.256782054901123047e+00
1.261689066886901855e+00
1.266596078872680664e+00
1.271503090858459473e+00
1.276410102844238281e+00
1.281317114830017090e+00
1.286224126815795898e+00
1.291131138801574707e+00
1.296038150787353516e+00
1.300945162773132324e+00
1.305852055549621582e+00
1.310759067535400391e+00
1.315666079521179199e+00
1.320573091506958008e+00
1.325480103492736816e+00
1.330387115478515625e+00
1.335294127464294434e+00
1.340201139450073242e+00
1.345108151435852051e+00
1.350015163421630859e+00
1.354922056198120117e+00
1.359829068183898926e+00
1.364736080169677734e+00
1.369643092155456543e+00
1.374550104141235352e+00
1.379457116127014160e+00
1.384364128112792969e+00
1.389271140098571777e+00
1.394178152084350586e+00
1.399085164070129395e+00
1.403992056846618652e+00
1.408899068832397461e+00
1.413806080818176270e+00
1.418713092803955078e+00
1.423620104789733887e+00
1.428527116775512695e+00
1.433434128761291504e+00
1.438341140747070312e+00
1.443248152732849121e+00
1.448155164718627930e+00
1.453062057495117188e+00
1.457969069480895996e+00
1.462876081466674805e+00
1.467783093452453613e+00
1.472690105438232422e+00
1.477597117424011230e+00
1.482504129409790039e+00
1.487411141395568848e+00
1.492318153381347656e+00
1.497225165367126465e+00
1.502132058143615723e+00
1.507039070129394531e+00
1.511946082115173340e+00
1.516853094100952148e+00
1.521760106086730957e+00
1.526667118072509766e+00
1.531574130058288574e+00
1.536481142044067383e+00
1.541388154029846191e+00
1.546295166015625000e+00
1.551202058792114258e+00
1.556109070777893066e+00
1.561016082763671875e+00
1.565923094749450684e+00
1.570830106735229492e+00
1.575737118721008301e+00
1.580644130706787109e+00
1.585551142692565918e+00
1.590458154678344727e+00
1.595365166664123535e+00
1.600272059440612793e+00
1.605179071426391602e+00
1.610086083412170410e+00
1.614993095397949219e+00
1.619900107383728027e+00
1.624807119369506836e+00
1.629714131355285645e+00
1.634621143341064453e+00
1.639528155326843262e+00
1.644435167312622070e+00
1.649342060089111328e+00
1.654249072074890137e+00
1.659156084060668945e+00
1.664063096046447754e+00
1.668970108032226562e+00
1.673877120018005371e+00
1.678784132003784180e+00
1.683691143989562988e+00
1.688598155975341797e+00
1.693505167961120605e+00
1.698412060737609863e+00
1.703319072723388672e+00
1.708226084709167480e+00
1.713133096694946289e+00
1.718040108680725098e+00
1.722947120666503906e+00
1.727854132652282715e+00
1.732761144638061523e+00
1.737668156623840332e+00
1.742575168609619141e+00
1.747482061386108398e+00
1.752389073371887207e+00
1.757296085357666016e+00
1.762203097343444824e+00
1.767110109329223633e+00
1.772017121315002441e+00
1.776924133300781250e+00
1.781831145286560059e+00
1.786738157272338867e+00
1.791645169258117676e+00
1.796552062034606934e+00
1.801459074020385742e+00
1.806366086006164551e+00
1.811273097991943359e+00
1.816180109977722168e+00
1.821087121963500977e+00
1.825994133949279785e+00
1.830901145935058594e+00
1.835808157920837402e+00
1.840715169906616211e+00
1.845622062683105469e+00
1.850529074668884277e+00
1.855436086654663086e+00
1.860343098640441895e+00
1.865250110626220703e+00
1.870157122611999512e+00
1.875064134597778320e+00
1.879971146583557129e+00
1.884878158569335938e+00
1.889785170555114746e+00
1.894692063331604004e+00
1.899599075317382812e+00
1.904506206512451172e+00
1.909413099288940430e+00
1.914320230484008789e+00
1.919227123260498047e+00
1.924134016036987305e+00
1.929041147232055664e+00
1.933948040008544922e+00
1.938855171203613281e+00
1.943762063980102539e+00
1.948669195175170898e+00
1.953576087951660156e+00
1.958483219146728516e+00
1.963390111923217773e+00
1.968297004699707031e+00
1.973204135894775391e+00
1.978111028671264648e+00
1.983018159866333008e+00
1.987925052642822266e+00
1.992832183837890625e+00
1.997739076614379883e+00
2.002646207809448242e+00
2.007553100585937500e+00
2.012460231781005859e+00
2.017367124557495117e+00
2.022274017333984375e+00
2.027181148529052734e+00
2.032088041305541992e+00
2.036995172500610352e+00
2.041902065277099609e+00
2.046809196472167969e+00
2.051716089248657227e+00
2.056623220443725586e+00
2.061530113220214844e+00
2.066437005996704102e+00
2.071344137191772461e+00
2.076251029968261719e+00
2.081158161163330078e+00
2.086065053939819336e+00
2.090972185134887695e+00
2.095879077911376953e+00
2.100786209106445312e+00
2.105693101882934570e+00
2.110600233078002930e+00
2.115507125854492188e+00
2.120414018630981445e+00
2.125321149826049805e+00
2.130228042602539062e+00
2.135135173797607422e+00
2.140042066574096680e+00
2.144949197769165039e+00
2.149856090545654297e+00
2.154763221740722656e+00
2.159670114517211914e+00
2.164577007293701172e+00
2.169484138488769531e+00
2.174391031265258789e+00
2.179298162460327148e+00
2.184205055236816406e+00
2.189112186431884766e+00
2.194019079208374023e+00
2.198926210403442383e+00
2.203833103179931641e+00
2.208740234375000000e+00
2.213647127151489258e+00
2.218554019927978516e+00
2.223461151123046875e+00
2.228368043899536133e+00
2.233275175094604492e+00
2.238182067871093750e+00
2.243089199066162109e+00
2.247996091842651367e+00
2.252903223037719727e+00
2.257810115814208984e+00
2.262717008590698242e+00
2.267624139785766602e+00
2.272531032562255859e+00
2.277438163757324219e+00
2.282345056533813477e+00
2.287252187728881836e+00
2.292159080505371094e+00
2.297066211700439453e+00
2.301973104476928711e+00
2.306880235671997070e+00
2.311787128448486328e+00
2.316694021224975586e+00
2.321601152420043945e+00
2.326508045196533203e+00
2.331415176391601562e+00
2.336322069168090820e+00
2.341229200363159180e+00
2.346136093139648438e+00
2.351043224334716797e+00
2.355950117111206055e+00
2.360857248306274414e+00
2.365764141082763672e+00
2.370671033859252930e+00
2.375578165054321289e+00
2.380485057830810547e+00
2.385392189025878906e+00
2.390299081802368164e+00
2.395206212997436523e+00
2.400113105773925781e+00
2.405020236968994141e+00
2.409927129745483398e+00
2.414834022521972656e+00
2.419741153717041016e+00
2.424648046493530273e+00
2.429555177688598633e+00
2.434462070465087891e+00
2.439369201660156250e+00
2.444276094436645508e+00
2.449183225631713867e+00
2.454090118408203125e+00
2.458997249603271484e+00
2.463904142379760742e+00
2.468811035156250000e+00
2.473718166351318359e+00
2.478625059127807617e+00
2.483532190322875977e+00
2.488439083099365234e+00
2.493346214294433594e+00
2.498253107070922852e+00
2.503160238265991211e+00
2.508067131042480469e+00
2.512974023818969727e+00
2.517881155014038086e+00
2.522788047790527344e+00
2.527695178985595703e+00
2.532602071762084961e+00
2.537509202957153320e+00
2.542416095733642578e+00
2.547323226928710938e+00
2.552230119705200195e+00
2.557137250900268555e+00
2.562044143676757812e+00
2.566951036453247070e+00
2.571858167648315430e+00
2.576765060424804688e+00
2.581672191619873047e+00
